1749071706817 19987.21875 0
1749071706881 19904.875 1
1749071706951 19814.052734375 2
1749071707033 19710.251953125 3
1749071707102 19580.61328125 4
1749071707159 19410.0 5
1749071707218 19181.998046875 6
1749071707284 18878.0703125 7
1749071707354 18480.9453125 8
1749071707416 17970.974609375 9
1749071707479 17336.908203125 10
1749071707541 16571.359375 11
1749071707610 15643.0810546875 12
1749071707673 14570.0830078125 13
1749071707731 13359.8740234375 14
1749071707787 12007.9453125 15
1749071707840 10548.6767578125 16
1749071707898 9064.7958984375 17
1749071707954 7590.06005859375 18
1749071708010 6157.2431640625 19
1749071708065 4930.3291015625 20
1749071708120 3888.302001953125 21
1749071708174 3083.51123046875 22
1749071708228 2469.7958984375 23
1749071708283 2031.5052490234375 24
1749071708336 1712.169921875 25
1749071708390 1487.900146484375 26
1749071708468 1330.6995849609375 27
1749071708520 1229.3515625 28
1749071708576 1141.021484375 29
1749071708631 1072.458251953125 30
1749071708687 1009.4940795898438 31
1749071708740 954.2941284179688 32
1749071708801 904.6561889648438 33
1749071708853 861.9150390625 34
1749071708913 820.0565795898438 35
1749071708970 780.600341796875 36
1749071709030 751.776611328125 37
1749071709083 715.4624633789062 38
1749071709140 683.1582641601562 39
1749071709194 658.5888671875 40
1749071709249 629.4127197265625 41
1749071709302 604.7445068359375 42
1749071709354 578.8976440429688 43
1749071709409 555.8017578125 44
1749071709465 536.0964965820312 45
1749071709520 514.361572265625 46
1749071709569 494.4618225097656 47
1749071709628 477.6553649902344 48
1749071709694 460.74517822265625 49
