1749071683657 4890517.5 0
1749071683713 4888701.5 1
1749071683790 4886617.0 2
1749071683843 4884098.5 3
1749071683886 4880978.5 4
1749071683950 4876998.5 5
1749071684007 4871738.0 6
1749071684071 4864793.5 7
1749071684140 4856080.0 8
1749071684199 4844279.0 9
1749071684255 4829764.0 10
1749071684317 4811606.5 11
1749071684379 4789332.5 12
1749071684443 4761852.0 13
1749071684505 4729088.5 14
1749071684568 4689847.0 15
1749071684630 4644451.0 16
1749071684698 4591085.0 17
1749071684753 4529489.0 18
1749071684807 4458298.0 19
1749071684864 4376495.0 20
1749071684907 4285897.5 21
1749071684985 4184346.25 22
1749071685039 4073290.75 23
1749071685102 3951615.75 24
1749071685164 3818951.25 25
1749071685228 3678410.75 26
1749071685290 3527645.5 27
1749071685338 3365329.25 28
1749071685400 3196607.0 29
1749071685453 3018636.0 30
1749071685512 2838978.5 31
1749071685568 2653987.25 32
1749071685616 2466058.0 33
1749071685675 2278363.0 34
1749071685727 2093859.0 35
1749071685790 1915314.0 36
1749071685874 1734775.625 37
1749071685966 1566305.375 38
1749071686034 1406573.75 39
1749071686091 1255305.75 40
1749071686158 1117981.0 41
1749071686234 992313.875 42
1749071686301 878892.25 43
1749071686367 781872.0625 44
1749071686429 693918.875 45
1749071686488 621188.4375 46
1749071686574 557843.75 47
1749071686637 505490.5 48
1749071686699 462897.84375 49
