1749071658501 9143662592.0 0
1749071658578 9143585792.0 1
1749071658643 9143499776.0 2
1749071658708 9143392256.0 3
1749071658767 9143252992.0 4
1749071658827 9143067648.0 5
1749071658879 9142818816.0 6
1749071658938 9142492160.0 7
1749071658997 9142079488.0 8
1749071659059 9141553152.0 9
1749071659115 9140895744.0 10
1749071659174 9140068352.0 11
1749071659231 9139064832.0 12
1749071659281 9137828864.0 13
1749071659341 9136338944.0 14
1749071659401 9134537728.0 15
1749071659455 9132379136.0 16
1749071659514 9129843712.0 17
1749071659566 9126873088.0 18
1749071659626 9123339264.0 19
1749071659670 9119378432.0 20
1749071659733 9114850304.0 21
1749071659789 9109746688.0 22
1749071659829 9103945728.0 23
1749071659899 9097526272.0 24
1749071659987 9090296832.0 25
1749071660038 9082525696.0 26
1749071660097 9073821696.0 27
1749071660154 9064442880.0 28
1749071660198 9054062592.0 29
1749071660261 9042892800.0 30
1749071660317 9030728704.0 31
1749071660372 9017723904.0 32
1749071660431 9003643904.0 33
1749071660490 8988534784.0 34
1749071660546 8972379136.0 35
1749071660601 8955151360.0 36
1749071660660 8936996864.0 37
1749071660716 8917527552.0 38
1749071660769 8896740352.0 39
1749071660823 8875061248.0 40
1749071660886 8852077568.0 41
1749071660971 8827997184.0 42
1749071661047 8802290688.0 43
1749071661101 8775756800.0 44
1749071661162 8747287552.0 45
1749071661229 8717961216.0 46
1749071661298 8687410176.0 47
1749071661360 8654653440.0 48
1749071661427 8621491200.0 49
