1749071776956 19970.806640625 0
1749071777017 19865.59375 1
1749071777082 19739.337890625 2
1749071777142 19581.341796875 3
1749071777205 19383.0546875 4
1749071777276 19133.9921875 5
1749071777337 18816.23046875 6
1749071777406 18422.09375 7
1749071777463 17903.79296875 8
1749071777524 17246.625 9
1749071777594 16458.634765625 10
1749071777671 15479.0302734375 11
1749071777738 14298.7626953125 12
1749071777802 12934.3662109375 13
1749071777864 11386.31640625 14
1749071777918 9709.6513671875 15
1749071777975 7964.89208984375 16
1749071778016 6286.74658203125 17
1749071778072 4739.9208984375 18
1749071778136 3448.5712890625 19
1749071778191 2517.031005859375 20
1749071778246 1928.4696044921875 21
1749071778300 1630.2359619140625 22
1749071778350 1470.8236083984375 23
1749071778408 1369.322265625 24
1749071778461 1271.853759765625 25
1749071778519 1179.933837890625 26
1749071778579 1098.4263916015625 27
1749071778631 1035.88134765625 28
1749071778686 980.4593505859375 29
1749071778748 931.0946655273438 30
1749071778808 885.4274291992188 31
1749071778871 837.7778930664062 32
1749071778912 798.9610595703125 33
1749071778983 757.0674438476562 34
1749071779038 717.064208984375 35
1749071779093 685.6397705078125 36
1749071779150 647.6618041992188 37
1749071779205 616.7932739257812 38
1749071779262 584.6089477539062 39
1749071779316 557.7860107421875 40
1749071779369 531.9694213867188 41
1749071779427 505.4565124511719 42
1749071779468 486.2048645019531 43
1749071779523 465.0166931152344 44
1749071779572 447.58880615234375 45
1749071779628 429.7231140136719 46
1749071779690 415.41815185546875 47
1749071779746 401.3919982910156 48
1749071779803 386.8697204589844 49
