1749071753964 4892349.5 0
1749071754022 4891548.5 1
1749071754077 4890865.5 2
1749071754127 4890175.5 3
1749071754186 4889286.5 4
1749071754238 4888156.5 5
1749071754294 4886629.5 6
1749071754349 4884575.5 7
1749071754405 4881786.0 8
1749071754461 4878033.5 9
1749071754515 4873108.5 10
1749071754557 4866548.0 11
1749071754612 4857979.0 12
1749071754675 4847082.5 13
1749071754729 4833385.5 14
1749071754780 4815428.0 15
1749071754835 4793654.5 16
1749071754896 4767221.5 17
1749071754946 4735090.0 18
1749071755006 4696839.0 19
1749071755061 4653089.5 20
1749071755112 4601787.0 21
1749071755168 4542518.0 22
1749071755223 4475213.5 23
1749071755277 4401335.0 24
1749071755321 4316632.0 25
1749071755407 4223159.5 26
1749071755463 4122546.25 27
1749071755515 4011158.5 28
1749071755571 3890794.0 29
1749071755626 3760107.0 30
1749071755676 3621522.25 31
1749071755738 3476530.25 32
1749071755801 3322630.25 33
1749071755856 3162198.0 34
1749071755912 2997022.0 35
1749071755988 2825826.25 36
1749071756065 2652293.0 37
1749071756136 2473348.75 38
1749071756182 2297886.5 39
1749071756238 2121360.75 40
1749071756311 1947066.625 41
1749071756390 1779361.875 42
1749071756455 1612775.75 43
1749071756517 1457940.75 44
1749071756578 1308960.75 45
1749071756633 1168879.875 46
1749071756683 1043057.6875 47
1749071756741 923771.8125 48
1749071756794 819695.1875 49
