1749071729806 9143662592.0 0
1749071729880 9143572480.0 1
1749071729953 9143464960.0 2
1749071730021 9143335936.0 3
1749071730084 9143177216.0 4
1749071730146 9142970368.0 5
1749071730202 9142707200.0 6
1749071730256 9142363136.0 7
1749071730298 9141924864.0 8
1749071730354 9141374976.0 9
1749071730421 9140670464.0 10
1749071730473 9139821568.0 11
1749071730531 9138771968.0 12
1749071730586 9137517568.0 13
1749071730642 9136010240.0 14
1749071730695 9134237696.0 15
1749071730754 9132143616.0 16
1749071730810 9129706496.0 17
1749071730865 9126902784.0 18
1749071730917 9123693568.0 19
1749071730977 9120017408.0 20
1749071731028 9115916288.0 21
1749071731087 9111244800.0 22
1749071731139 9106082816.0 23
1749071731198 9100318720.0 24
1749071731255 9094010880.0 25
1749071731308 9087039488.0 26
1749071731369 9079479296.0 27
1749071731423 9071076352.0 28
1749071731465 9062043648.0 29
1749071731528 9052241920.0 30
1749071731585 9041584128.0 31
1749071731639 9030192128.0 32
1749071731695 9017869312.0 33
1749071731751 9004732416.0 34
1749071731800 8990674944.0 35
1749071731858 8975582208.0 36
1749071731915 8959798272.0 37
1749071732000 8942693376.0 38
1749071732056 8924583936.0 39
1749071732098 8905779200.0 40
1749071732170 8885677056.0 41
1749071732222 8864531456.0 42
1749071732288 8842488832.0 43
1749071732369 8819137536.0 44
1749071732434 8794726400.0 45
1749071732490 8769093632.0 46
1749071732548 8742253568.0 47
1749071732631 8714101760.0 48
1749071732701 8685317120.0 49
